4294967278,137
4294967279,277
4294967278,275
4294967278,29
4294967278,28
4294967278,27
4294967278,26
4294967278,25
4294967278,24
4294967278,23
4294967278,22
4294967278,20
4294967278,19
4294967279,21
4294967279,19
4294967279,17
4294967279,22
4294967279,134
4294967278,21
4294967278,274
4294967278,271
61,4
61,3
61,2
61,1
4294967294,909
4294967279,273
4294967278,269
4294967279,272
4294967279,271
60,4
60,3
60,2
60,1
4294967279,286
4294967279,268
4294967279,267
59,6
4294967279,264
59,5
4294967294,1420
4294967279,263
4294967278,259
4294967279,262
59,4
59,3
59,2
59,1
4294967279,284
4294967279,259
4294967278,517
4294967279,258
4294967279,281
4294967278,322
4294967279,329
58,5
4294967279,328
58,4
4294967279,390
58,3
58,2
58,1
4294967294,1423
4294967278,512
4294967278,252
4294967278,250
4294967278,246
57,4
4294967278,248
57,3
57,2
57,1
4294967278,247
4294967278,244
4294967278,242
4294967279,240
4294967278,238
4294967278,237
4294967278,321
4294967279,324
4294967278,236
55,5
55,4
55,3
55,2
55,1
4294967278,229
4294967279,229
4294967278,227
4294967278,223
4294967278,222
4294967278,225
4294967278,221
4294967294,962
4294967294,961
4294967294,176
4294967294,913
4294967294,413
4294967294,953
4294967294,113
4294967294,169
4294967294,111
4294967294,160
4294967278,217
4294967278,219
4294967278,215
4294967279,215
4294967278,320
4294967278,575
4294967279,389
4294967279,323
4294967278,318
4294967279,322
4294967278,317
4294967294,114
4294967279,388
4294967278,316
4294967278,315
4294967279,321
54,4
4294967278,203
54,3
54,2
54,1
4294967278,202
4294967279,203
4294967279,202
4294967278,313
53,6
4294967278,198
4294967278,312
4294967278,197
53,5
4294967279,197
53,4
53,3
53,2
53,1
4294967278,311
4294967279,193
4294967278,309
4294967279,192
52,5
4294967278,189
4294967278,188
52,4
52,3
52,2
52,1
4294967279,387
4294967278,187
4294967294,387
4294967278,185
4294967279,185
4294967278,307
4294967278,180
4294967279,181
4294967278,179
4294967278,177
4294967279,180
51,4
4294967278,178
51,3
51,2
51,1
4294967279,179
4294967278,176
4294967279,177
4294967278,175
4294967279,312
4294967279,175
4294967278,301
4294967279,309
4294967279,308
4294967278,170
49,5
4294967294,41
4294967279,169
49,4
49,3
49,2
49,1
4294967278,297
4294967294,1425
4294967294,1424
4294967294,390
4294967294,1419
4294967279,304
4294967278,296
4294967278,164
4294967278,295
4294967279,303
4294967278,574
4294967279,302
4294967279,162
4294967279,386
4294967278,293
4294967279,300
4294967294,29
4294967294,440
4294967278,573
4294967279,157
4294967278,572
4294967279,385
4294967279,299
4294967278,291
4294967294,107
4294967294,91
4294967294,87
4294967294,85
4294967294,53
4294967294,417
4294967294,45
4294967294,393
4294967294,44
4294967294,43
4294967279,384
4294967294,30
4294967294,947
4294967294,946
4294967294,944
4294967294,943
4294967294,938
4294967294,927
4294967294,899
4294967294,897
4294967294,896
4294967294,437
4294967294,159
4294967294,60
4294967294,12
4294967294,14
4294967294,126
4294967294,18
4294967294,127
4294967294,20
4294967294,13
4294967279,152
4294967278,290
4294967279,146
4294967279,383
4294967279,382
48,6
4294967279,145
4294967278,288
48,5
4294967294,83
48,4
48,3
48,2
48,1
4294967294,92
4294967294,88
4294967279,140
4294967279,138
47,5
4294967279,136
4294967279,135
47,4
47,3
47,2
47,1
4294967294,186
4294967294,421
4294967294,411
4294967294,384
4294967294,406
4294967294,915
4294967294,467
4294967294,448
4294967294,455
4294967294,400
4294967294,461
4294967278,133
4294967278,268
4294967279,270
4294967278,266
46,4
4294967279,269
46,3
46,2
46,1
4294967278,265
4294967278,264
4294967294,476
4294967294,1415
4294967278,277
4294967278,258
44,5
4294967278,257
44,4
44,3
44,2
44,1
4294967294,910
4294967294,425
4294967278,571
4294967279,257
4294967294,115
4294967278,570
4294967279,381
4294967278,569
4294967279,380
4294967278,255
4294967278,568
4294967279,379
4294967294,971
4294967278,567
4294967278,0
4294967279,378
4294967279,248
43,4
43,3
43,2
43,1
4294967278,243
4294967294,469
4294967279,316
4294967279,315
4294967278,241
4294967279,241
4294967279,238
4294967279,235
4294967279,230
42,4
4294967278,228
42,3
42,2
42,1
4294967279,226
4294967278,220
4294967279,224
4294967279,222
41,6
4294967279,219
4294967279,217
41,5
41,4
41,3
41,2
41,1
4294967278,566
4294967294,475
4294967278,208
4294967279,377
4294967279,0
40,5
40,4
4294967279,207
40,3
40,2
40,1
4294967278,565
4294967278,564
4294967279,201
4294967278,199
4294967279,200
4294967278,196
4294967294,89
4294967279,199
39,4
39,3
39,2
39,1
4294967278,195
4294967279,196
4294967278,194
4294967279,195
4294967278,193
4294967279,317
4294967279,194
4294967278,192
4294967278,308
4294967279,191
4294967294,392
4294967294,46
4294967294,120
4294967278,191
4294967278,190
37,5
4294967294,17
4294967294,99
4294967294,76
4294967279,190
4294967279,189
37,4
37,3
37,2
37,1
4294967279,188
0,7
4294967294,954
4294967294,42
4294967279,376
4294967278,563
4294967279,375
4294967278,562
4294967278,561
4294967279,374
4294967294,22
4294967294,426
4294967294,67
4294967294,11
4294967294,68
4294967294,905
4294967294,2
4294967294,1
4294967278,560
4294967294,0
4294967294,81
4294967294,50
4294967294,90
4294967294,86
4294967294,84
4294967294,419
4294967294,955
4294967294,28
4294967294,924
4294967294,27
4294967294,25
4294967294,26
4294967294,51
4294967294,52
4294967294,82
4294967294,96
4294967294,94
4294967294,93
4294967294,95
4294967278,132
